   -9.85   58.74   65.02
   52.70  -96.67   16.36
  -82.16   19.85   23.31
   -3.68    8.73   26.89
  -91.95  -75.57   63.87
   68.78  -96.51   58.06
  -35.52   12.44   53.87
  -56.04   76.22   94.57
   88.27   60.03   18.92
  -13.86  -20.13   32.54
   13.22   75.03   34.17
   91.26  -38.75   37.12
    9.53  -95.10   97.45
  -54.99  -84.46   40.34
  -11.80   -1.51   73.59
  -74.86  -18.40   33.65
   29.13   50.39   63.65
  -35.69   66.99   91.90
   78.69   16.90   18.20
   99.13   19.93   17.85
   55.36  -49.34   73.49
  -16.64  -81.17   69.72
  -13.85  -95.10   94.92
   69.19  -86.54   59.95
  -69.26   40.30   49.86
    7.06  -48.48   79.03
  -96.21  -50.19   40.88
   -5.80   -0.06   76.86
  -30.64   37.87   16.16
   84.95  -88.23   92.68
   -9.89  -52.24   87.57
  -90.93  -27.61   54.81
  -50.18  -20.62   39.27
  -83.32  -71.55   36.33
  -63.40   96.22   40.01
  -75.89   13.12   67.33
   79.11  -68.73   85.13
  -10.04   64.85   34.03
    0.12   89.01   11.79
   -9.16   58.06   28.84
   -4.89  -38.70   81.26
   -8.93    5.77   86.51
   14.01   18.42   21.06
   17.09   51.24   63.59
  -42.97  -49.60   11.49
   -9.14   19.36   81.52
   -8.32   24.41   16.82
  -85.29  -92.11   80.49
  -87.08  -99.17   53.48
  -62.86  -73.84   52.35
   58.04  -48.98   64.90
  -54.10   12.37   28.59
  -11.05  -25.46   74.49
  -43.52   -1.73   49.19
    7.40  -67.15   27.21
   48.19  -42.84   23.99
  -33.44   83.28   46.42
   94.72   27.19   33.52
  -83.21    5.72   32.67
  -81.91  -60.47   62.25
   70.51   -7.98   61.06
   62.19  -22.74   13.81
  -52.75   -7.99   80.94
  -88.21   71.65   85.14
  -88.86   24.72   29.89
  -33.12   -9.23   11.29
   77.67   48.54   54.74
  -66.16   25.47   10.15
    9.63  -39.50   86.78
  -41.45  -76.66   80.94
  -12.07  -38.39   80.64
   58.29  -86.12   38.90
    0.69   21.36   24.14
  -83.84  -79.79   71.15
   36.16  -78.58   65.93
  -28.44   17.52   96.15
    5.92   11.73   41.04
   12.28   -0.35   62.56
  -65.35   26.67   40.59
  -52.26  -69.00   26.34
  -64.71   26.68   39.71
  -11.32   72.76   43.26
    8.99  -42.13   88.00
  -98.85   77.74   40.63
  -74.46   17.91   79.28
    2.62  -46.61   12.69
  -82.55   19.23   99.91
  -28.71  -95.72   62.58
   68.15   56.25   49.00
    5.87  -46.32   97.84
  -24.88   93.90   52.07
   18.81   21.62   12.72
  -36.38  -20.43   99.28
  -20.83    9.80   19.32
  -61.69  -32.19   99.13
  -52.26  -46.16   49.57
    8.17   64.85   91.11
   10.00  -40.57   28.97
  -83.27   39.04   40.78
  -61.21   33.61   42.79
   63.79  -97.31   38.40
  -24.81   77.01   11.92
   78.28  -59.37   42.25
   -1.83   88.12   46.67
  -28.42  -48.75   29.97
  -99.43  -39.02   61.18
  -12.17  -29.70   84.22
  -54.93   88.88   34.31
  -57.88   20.40   29.47
   14.73  -49.15   78.31
   83.07  -43.37   18.26
   25.49  -63.60   95.36
  -32.38  -92.36   61.79
   79.86  -69.82   67.51
  -83.19   81.61   77.73
   15.46  -41.88   82.13
  -16.49  -19.04   66.88
    4.34   -8.11   65.73
   76.27  -26.70   32.14
  -27.75  -46.49   13.31
  -15.97  -47.84   29.06
   89.31   -4.70   98.01
   -3.42  -28.22   98.37
  -86.70   84.64   12.34
  -28.11   69.35   25.14
   67.86    2.67   11.91
  -71.92  -19.25   33.59
  -27.58  -13.70   14.08
   11.15  -66.32   67.59
  -55.72  -43.37   65.08
  -23.65   -6.18   63.01
  -39.30  -83.07   84.85
  -85.77   84.52   50.80
  -67.95   87.82   51.84
  -31.52  -27.35   42.30
  -29.24  -10.86   10.79
   82.83   98.14   13.87
   47.35   18.95   83.89
   85.63  -50.97   11.35
   19.57  -69.71   82.07
   98.44   71.78   25.98
  -15.59   20.43   77.04
   28.27    1.83   78.64
  -86.92  -98.96   47.71
    6.69  -68.14   14.20
  -81.46   30.22   15.89
  -69.38  -69.72   83.61
  -62.86  -40.58   86.45
  -82.55    0.00   42.18
  -47.34  -25.47   19.51
  -64.57   23.55   75.40
   20.97   -4.89   59.80
  -84.23  -72.19   32.34
    2.33   -2.84   82.56
    7.40   16.02   50.12
  -34.59  -52.21   25.05
  -73.02  -16.72   35.75
  -20.50  -87.02   10.70
  -82.49  -27.41   38.15
  -39.46  -27.44   69.97
  -18.15  -98.71   18.99
   87.19  -20.79   15.52
  -95.48  -52.59   65.60
  -87.13  -64.43   90.41
   -2.59  -75.73   48.30
  -25.61  -46.16   98.95
  -63.42  -15.02   64.24
   83.29  -10.93   37.51
  -54.36  -99.21   55.28
  -31.97  -51.16   61.44
  -34.55  -11.49   29.02
   57.75  -29.46   20.95
  -66.89   97.38   66.32
  -17.84  -80.23   58.72
  -19.17  -69.44   59.00
  -77.46  -89.63   28.83
  -76.11   51.33   96.45
  -23.60   -3.72   59.45
   35.70   20.31   34.44
  -10.93  -48.61   53.75
  -81.95   -7.88   86.61
  -69.86   36.70   90.05
   54.88  -37.68   35.07
  -76.45  -44.53   69.32
  -60.44  -23.83   42.69
   38.34   23.57   78.00
  -57.72  -71.35   89.81
   -7.92   49.46   42.28
  -47.88   62.47   70.17
  -53.93  -10.62   28.90
  -73.20   48.93   58.17
  -77.00  -64.64   17.55
  -37.19    1.59   14.68
    9.27  -50.61   56.45
   96.11   25.89   51.98
  -55.29  -86.48   15.72
  -14.01  -51.38   64.09
   -5.61  -90.71   38.61
  -47.81  -20.40   76.94
   96.07   96.25   96.73
